14.05
27.85
13.65
11.35
11.4
19.7
22.6
24.95
11.2
13.8
16.75
26.8
11.25
17
11.3
44.85
13.9
32.9
13.9
19.3
11.3
11.15
15.2
16.85
11.15
14.35
11.7
23.55
13.6
17.25
14.4
43.1
11.2
35.1
14.5
16
16.9
18.8
13.65
13.6
16.45
12.15
11.4
24.05
13.6
13.85
41.05
11.25
11.15
16.85
11.35
33.9
13.5
33.85
13.8
15.25
14.4
22.05
25.5
11.3
11.4
15
14.1
26.95
17.8
16.55
16.95
32.2
16.55
27.9
11.2
21.45
16.05
20.2
11.2
15.25
8.95
3.23
9.9
7.3
7.65
12.15
3.925
3.96
22.85
11.25
39.3
54.5
9.6
82.5
11.45
23.8
11.55
11.2
11.65
11.75
13.7
11.25
32
18.95
