0.015
0.024
0.025
0.014
0.017
0.017
0.017
0.016
0.0155
0.0225
0.017
0.015
0.013
0.016
0.0175
0.024
0.0255
0.0185
0.0185
0.0195
0.018
0.0135
0.017
0.0215
0.016
0.016
0.0155
0.0215
0.0175
0.018
0.0165
0.0175
0.022
0.0235
0.022
0.016
0.0185
0.0155
0.0155
0.0135
0.018
0.018
0.0165
0.019
0.019
0.0155
0.0205
0.0145
0.013
0.017
0.0295
0.0165
0.0165
0.0145
0.0225
0.022
0.017
0.022
0.024
0.0185
0.015
0.021
0.017
0.0175
0.0155
0.018
0.0205
0.0195
0.0145
0.0195
0.0175
0.0185
0.0195
0.0165
0.0195
0.016
0.0185
0.0165
0.014
0.0155
0.0195
0.0225
0.0175
0.0185
0.0175
0.0185
0.0175
0.022
0.0215
0.017
0.0165
0.02
0.021
0.0145
0.019
0.0175
0.016
0.0195
0.0155
0.0165
