30.6
29.1
26.5
30.95
30.5
30.15
34.3
31.65
34.6
32
30.2
33.05
27.55
31.6
30.1
30.3
34.25
31.5
30.6
33.15
34.05
30.15
26.55
30.1
29.85
34.1
30.5
31.75
30.95
31.5
31.2
33.9
30
30.55
30.15
32.3
32.1
30.45
29.95
35.05
30.6
35.8
31
30.15
30.2
31.3
32.2
33.65
31.8
31.25
30.2
30.25
30.25
30.25
30.3
31.4
32.75
32.75
26.5
31.05
29.3
32.35
28
33.4
30.3
32.3
28.25
29.75
29.45
31.55
29.35
29.95
31.1
35.6
31.25
31.95
32.95
30.05
30.9
29.9
32.6
33.7
30.35
31.3
32.4
33.85
33.8
29.4
33.75
32.7
32.3
31.3
32.8
31.15
32
31.9
31.9
30.2
25.35
31.45
